1.380384264602885214e+00,5.654608013692520307e-01,5.371149807366363271e-01
1.445439770745927222e+00,5.904262739732718535e-01,5.577729497918398893e-01
1.513561248436207984e+00,6.230107124669215235e-01,5.840683647809987722e-01
1.584893192461113376e+00,6.469232324114881916e-01,5.972330992043823894e-01
1.659586907437560432e+00,6.768734639126966490e-01,6.228428102261607258e-01
1.737800828749375359e+00,7.101102294402074078e-01,6.423991107185396121e-01
1.819700858609983429e+00,7.313027214580399837e-01,6.737423190562986663e-01
1.905460717963247230e+00,7.782360314385697864e-01,7.152385037697777115e-01
1.995262314968879735e+00,8.203102406697063698e-01,7.465997132205244302e-01
2.089296130854039646e+00,8.597220141252370773e-01,7.827387325080891189e-01
2.187761623949552980e+00,8.955077620936136018e-01,8.095314703594024275e-01
2.290867652767773599e+00,9.343187652100002349e-01,8.417346070866096319e-01
2.398832919019491250e+00,9.905880865322209683e-01,8.875819938863245273e-01
2.511886431509581019e+00,1.036736317809608288e+00,9.198626641753645528e-01
2.630267991895381297e+00,1.081343546515908471e+00,9.753556768542763766e-01
2.754228703338166273e+00,1.129398044945407520e+00,1.022318251236996600e+00
2.884031503126605500e+00,1.183137645404262139e+00,1.074211490649443768e+00
3.019951720402016093e+00,1.233040882647959524e+00,1.122555454124097185e+00
3.162277660168379523e+00,1.292638058957855440e+00,1.177600020717608276e+00
3.311311214825911176e+00,1.372776994531407224e+00,1.237852817665386462e+00
3.467368504525316641e+00,1.435820534252978176e+00,1.297896437012944215e+00
3.630780547701013994e+00,1.512424795538402922e+00,1.353265551917287590e+00
3.801893963205612792e+00,1.592460485992649222e+00,1.417824875777782934e+00
3.981071705534973137e+00,1.686298754277101963e+00,1.490657832905902813e+00
4.168693834703354639e+00,1.757479571993066259e+00,1.562885208910646195e+00
4.365158322401661017e+00,1.866814626376821051e+00,1.673539333349264302e+00
4.570881896148751622e+00,1.971549299696376378e+00,1.768715956346176732e+00
4.786300923226383119e+00,2.055205808666041634e+00,1.845615737839721104e+00
5.011872336272721995e+00,2.174297734047457631e+00,1.939163323381519310e+00
5.248074602497725394e+00,2.278912544723751932e+00,2.035105074049647467e+00
5.495408738576245788e+00,2.396540195753688707e+00,2.126870349204755595e+00
5.754399373371569482e+00,2.532608030978578117e+00,2.231338091544697644e+00
6.025595860743577781e+00,2.657334227005172966e+00,2.329987231532919090e+00
6.309573444801933384e+00,2.793292369743646475e+00,2.454504255425695280e+00
6.606934480075961069e+00,2.933783573017931801e+00,2.575886068941122709e+00
6.918309709189365719e+00,3.086506867573748814e+00,2.704001411456358195e+00
7.244359600749902484e+00,3.251542017896780656e+00,2.835095201870902581e+00
7.585775750291840147e+00,3.421390637309776217e+00,2.970043468522467478e+00
7.943282347242817565e+00,3.596978683665088994e+00,3.135800056135565672e+00
8.317637711026709013e+00,3.792563628537965137e+00,3.305005133928984318e+00
8.709635899560804972e+00,3.981201963928873599e+00,3.489042254078750904e+00
9.120108393559096527e+00,4.172900624423838245e+00,3.671667713319860304e+00
9.549925860214358408e+00,4.380708478623040136e+00,3.859466550895085835e+00
1.000000000000000000e+01,4.619687937668056854e+00,4.070208402329368980e+00
1.047128548050899610e+01,4.875077818521588391e+00,4.283928982196372637e+00
1.096478196143185180e+01,5.117699486654680108e+00,4.489973096540390785e+00
1.148153621496882870e+01,5.377409865707051040e+00,4.703687129252171140e+00
1.202264434617413080e+01,5.648376785837176506e+00,4.946534910365153692e+00
1.258925411794167459e+01,5.956108584086246438e+00,5.214944046296120739e+00
1.318256738556407370e+01,6.282785797052822474e+00,5.497680165879848424e+00
1.380384264602885303e+01,6.588536211490880312e+00,5.771727569398492186e+00
1.445439770745928065e+01,6.907736552327510715e+00,6.062386413737928414e+00
1.513561248436208651e+01,7.313418170844544264e+00,6.402921490712631503e+00
1.584893192461114175e+01,7.726590083069590165e+00,6.761673669469884018e+00
1.659586907437561365e+01,8.124950487143259181e+00,7.110036982121514804e+00
1.737800828749376336e+01,8.566472915671749178e+00,7.506414133037560887e+00
1.819700858609984451e+01,9.023237123526063996e+00,7.913796954290797991e+00
1.905460717963248385e+01,9.501298384160584476e+00,8.339526728555952673e+00
1.995262314968880801e+01,1.002527170883618624e+01,8.789332762669198829e+00
2.089296130854038580e+01,1.058605736105752371e+01,9.261681098210821972e+00
2.187761623949552003e+01,1.118096166022701610e+01,9.775680458482829849e+00
2.290867652767772356e+01,1.181697475287432830e+01,1.034570973531168114e+01
2.398832919019490006e+01,1.247864400981007016e+01,1.094106630202502295e+01
2.511886431509579509e+01,1.318026352021605874e+01,1.155903956626712770e+01
2.630267991895381385e+01,1.396016402360314679e+01,1.222870943024298640e+01
2.754228703338166184e+01,1.476418218070758570e+01,1.296475765998747676e+01
2.884031503126605855e+01,1.561243246797697282e+01,1.372071995432618152e+01
3.019951720402016093e+01,1.653715217845494223e+01,1.452301106325911384e+01
3.162277660168379256e+01,1.752522170633758236e+01,1.538592895848027098e+01
3.311311214825911264e+01,1.850769646980183936e+01,1.628183702481405604e+01
3.467368504525316553e+01,1.956322398967596854e+01,1.721352802536188165e+01
3.630780547701014171e+01,2.062976482783168208e+01,1.817332148616259246e+01
3.801893963205612437e+01,2.177479186044366699e+01,1.918732038396219508e+01
3.981071705534973404e+01,2.297931220444463918e+01,2.024683869266350200e+01
4.168693834703355350e+01,2.424553901398668287e+01,2.135363091022803772e+01
4.365158322401661195e+01,2.557538729453452220e+01,2.251255786270762016e+01
4.570881896148751622e+01,2.696582488246870568e+01,2.369421580263052718e+01
4.786300923226384896e+01,2.842636235327266192e+01,2.494362787021112027e+01
5.011872336272725192e+01,2.997051795488134118e+01,2.625991034582331807e+01
5.248074602497728591e+01,3.163108620213024480e+01,2.764940945689064478e+01
5.495408738576248453e+01,3.339980817182090789e+01,2.911572467898647432e+01
5.754399373371572324e+01,3.529597802941713525e+01,3.068228064143162115e+01
6.025595860743580801e+01,3.730723666769045366e+01,3.233807685955031985e+01
6.309573444801936404e+01,3.939515770191605526e+01,3.407052566432041374e+01
6.606934480075958049e+01,4.165445735659035620e+01,3.594268888647786042e+01
6.918309709189362877e+01,4.402195128817422898e+01,3.791323248890611808e+01
7.244359600749898220e+01,4.651271109545874793e+01,3.998607818284852300e+01
7.585775750291836061e+01,4.910552090497383659e+01,4.218533375551321285e+01
7.943282347242814012e+01,5.187247042827281973e+01,4.455502009851692691e+01
8.317637711026708303e+01,5.484225662049285432e+01,4.709115040376329375e+01
8.709635899560805683e+01,5.802886858640544432e+01,4.983106934511103958e+01
9.120108393559097237e+01,6.145445817156431190e+01,5.271130490103465860e+01
9.549925860214358408e+01,6.511469052232577326e+01,5.575565441483215068e+01
1.000000000000000000e+02,6.901497202657436958e+01,5.894630578457656611e+01
1.047128548050899610e+02,7.305994710821656213e+01,6.224038569907988716e+01
1.096478196143185073e+02,7.731360811555458667e+01,6.565328171478709862e+01
1.148153621496882835e+02,8.171160474452221933e+01,6.923771616220376757e+01
1.202264434617413116e+02,8.626693191318366871e+01,7.295523453435419015e+01
1.258925411794167530e+02,9.100323687751932766e+01,7.679354450141923394e+01
1.318256738556407299e+02,9.598843476116103091e+01,8.082329739823603632e+01
1.380384264602885196e+02,1.013305641590594490e+02,8.506030158577100053e+01
1.445439770745927888e+02,1.070170574285648541e+02,8.949905125369551229e+01
1.513561248436208757e+02,1.129968551022579533e+02,9.411946158701370280e+01
1.584893192461114211e+02,1.193187490401359838e+02,9.901605372972416319e+01
1.659586907437561365e+02,1.260506600330258635e+02,1.042226055521243637e+02
1.737800828749376194e+02,1.332285837261974564e+02,1.096668577349872464e+02
1.819700858609984380e+02,1.408212420768094830e+02,1.153444690513710071e+02
1.905460717963248385e+02,1.486840362298021603e+02,1.211620395739881957e+02
1.995262314968880730e+02,1.569185694579906851e+02,1.271284787192308556e+02
2.089296130854040712e+02,1.656512018445318404e+02,1.332293822696242955e+02
2.187761623949551790e+02,1.749981593390443209e+02,1.395185108375134746e+02
2.290867652767772427e+02,1.849463364731113586e+02,1.460761375610835842e+02
2.398832919019489793e+02,1.954152312657492132e+02,1.530115290488149640e+02
2.511886431509579722e+02,2.062880787804594718e+02,1.602857981655270976e+02
2.630267991895381670e+02,2.175017179608292111e+02,1.678396924892260529e+02
2.754228703338166042e+02,2.289001729510092673e+02,1.757538198525763278e+02
2.884031503126605571e+02,2.407859086001810169e+02,1.841869339576418270e+02
3.019951720402016235e+02,2.532857136076336531e+02,1.930964142169979709e+02
3.162277660168379612e+02,2.662190987420025863e+02,2.024131762796286296e+02
3.311311214825910838e+02,2.795983451313607588e+02,2.121993034477184494e+02
3.467368504525316553e+02,2.935011783689540721e+02,2.224863615491493363e+02
3.630780547701014029e+02,3.079433751019055876e+02,2.332710687224839603e+02
3.801893963205612863e+02,3.230217606583447036e+02,2.446087956619865622e+02
3.981071705534973262e+02,3.387080600215329582e+02,2.564510319723227667e+02
4.168693834703354923e+02,3.551900586270789972e+02,2.688539501514770791e+02
4.365158322401661053e+02,3.725507749796789767e+02,2.817807093059361705e+02
2.279081344604492188e+02,2.279081344604492188e+02,2.279081344604492188e+02
