4.786300923226384230e-01,2.299873131918548086e-01,2.043415758233068369e-01
5.011872336272723549e-01,2.413277025636854922e-01,2.134867918324636349e-01
5.248074602497725394e-01,2.510817027291940562e-01,2.204928397902841397e-01
5.495408738576245122e-01,2.568911158098886593e-01,2.285296205179977447e-01
5.754399373371569260e-01,2.644376185812601365e-01,2.391493601570410799e-01
6.025595860743577781e-01,2.648349150555291409e-01,2.383141636370977867e-01
6.309573444801933606e-01,2.728299252138372544e-01,2.485322248493293529e-01
6.606934480075961069e-01,2.845888477719913934e-01,2.589725301445538475e-01
6.918309709189364165e-01,2.917921221104431972e-01,2.685281671455638230e-01
7.244359600749900041e-01,3.010266175538601763e-01,2.790296234684834786e-01
7.585775750291837705e-01,3.105435813793998578e-01,2.899450730388546948e-01
7.943282347242814900e-01,3.219601442023778404e-01,3.045571012230919861e-01
8.317637711026710789e-01,3.330891504884530563e-01,3.140787010459748507e-01
8.709635899560808081e-01,3.433823740811071668e-01,3.242982852206256483e-01
9.120108393559096527e-01,3.650164711100359338e-01,3.411004083490591365e-01
9.549925860214358853e-01,3.779699803723311491e-01,3.547458572490203577e-01
1.000000000000000000e+00,4.068622875992605747e-01,3.717707424773621927e-01
1.047128548050899610e+00,4.329092714836094702e-01,3.954234078987013956e-01
1.096478196143185091e+00,4.518318835201745043e-01,4.143337842593246001e-01
1.148153621496882826e+00,4.711702620125590713e-01,4.347045680883953045e-01
1.202264434617413169e+00,4.968167918443639475e-01,4.550512392514075577e-01
1.258925411794167504e+00,5.253668650736306178e-01,4.702371443707594745e-01
1.318256738556407459e+00,5.560321569784298923e-01,4.938438124519977102e-01
1.380384264602885214e+00,5.945121751586427417e-01,5.183782729785626486e-01
1.445439770745927222e+00,6.271709864400161205e-01,5.447724922230318123e-01
1.513561248436207984e+00,6.536665912244643550e-01,5.685812420623792551e-01
1.584893192461113376e+00,6.879218639059712093e-01,5.950443099946332026e-01
1.659586907437560432e+00,7.264478450646995045e-01,6.211335154329423736e-01
1.737800828749375359e+00,7.677277978239290812e-01,6.518155576358320991e-01
1.819700858609983429e+00,8.038824242731165137e-01,6.837516840395631013e-01
1.905460717963247230e+00,8.409183091037959468e-01,7.152842228047190387e-01
1.995262314968879735e+00,8.945012217077074057e-01,7.526197264073200000e-01
2.089296130854039646e+00,9.389303169762212020e-01,7.893018778719463890e-01
2.187761623949552980e+00,9.854324940638957697e-01,8.288987258314107764e-01
2.290867652767773599e+00,1.040722137106883549e+00,8.806673399592124252e-01
2.398832919019491250e+00,1.097137315249445688e+00,9.240697650338268732e-01
2.511886431509581019e+00,1.152581630836645443e+00,9.638971622868204303e-01
2.630267991895381297e+00,1.208973242126882175e+00,1.011678872103785265e+00
2.754228703338166273e+00,1.267410767708963881e+00,1.055573351300912899e+00
2.884031503126605500e+00,1.325508709521271200e+00,1.098071052113149815e+00
3.019951720402016093e+00,1.394140501156159839e+00,1.151092470115579358e+00
3.162277660168379523e+00,1.464420926401972745e+00,1.207351919891294090e+00
3.311311214825911176e+00,1.539448051727114519e+00,1.267995645178362052e+00
3.467368504525316641e+00,1.620296935543416694e+00,1.329324378550357899e+00
3.630780547701013994e+00,1.708728251530734932e+00,1.398326117135193503e+00
3.801893963205612792e+00,1.797897969965348119e+00,1.466711416605030127e+00
3.981071705534973137e+00,1.892603159630818599e+00,1.540966439878167060e+00
4.168693834703354639e+00,1.992877630872096795e+00,1.621546396613941399e+00
4.365158322401661017e+00,2.090544942353919744e+00,1.699892156226739504e+00
4.570881896148751622e+00,2.199538864346843425e+00,1.788602743481495505e+00
4.786300923226383119e+00,2.311467550908669288e+00,1.877440013588267842e+00
5.011872336272721995e+00,2.427410428872644133e+00,1.973500313572302378e+00
5.248074602497725394e+00,2.544324361325077444e+00,2.063131891136169571e+00
5.495408738576245788e+00,2.659810575054746717e+00,2.155679384024223655e+00
5.754399373371569482e+00,2.790538496307524596e+00,2.255632515646091463e+00
6.025595860743577781e+00,2.926052415540323359e+00,2.365533588584574076e+00
6.309573444801933384e+00,3.082099196476852043e+00,2.485790439481132541e+00
6.606934480075961069e+00,3.238053621278785599e+00,2.611188284110575353e+00
6.918309709189365719e+00,3.408773806487351177e+00,2.745218017978899638e+00
7.244359600749902484e+00,3.585814461033349776e+00,2.882169454237171191e+00
7.585775750291840147e+00,3.779779679818219496e+00,3.034837327848797006e+00
7.943282347242817565e+00,3.979597945917778823e+00,3.197193688161412251e+00
8.317637711026709013e+00,4.187278401228788027e+00,3.368876919159214278e+00
8.709635899560804972e+00,4.415305018530617964e+00,3.544101025953625417e+00
9.120108393559096527e+00,4.661662654343659007e+00,3.734464570929308724e+00
9.549925860214358408e+00,4.909899306725777457e+00,3.933187858206480758e+00
1.000000000000000000e+01,5.175741254429607530e+00,4.149884216531328107e+00
1.047128548050899610e+01,5.451466929506622705e+00,4.375290682754640947e+00
1.096478196143185180e+01,5.734424530049992974e+00,4.615236550219100842e+00
1.148153621496882870e+01,6.036148155162882389e+00,4.861050455917819590e+00
1.202264434617413080e+01,6.366943603331872481e+00,5.126403343685358216e+00
1.258925411794167459e+01,6.720713354749358714e+00,5.399000244331656262e+00
1.318256738556407370e+01,7.078984682787289984e+00,5.685784316775775338e+00
1.380384264602885303e+01,7.454430785083522082e+00,5.978839871744129120e+00
1.445439770745928065e+01,7.851941454443312374e+00,6.286771861512202797e+00
1.513561248436208651e+01,8.256061001782576625e+00,6.599944428260437590e+00
1.584893192461114175e+01,8.673970680508825026e+00,6.926204952270023973e+00
1.659586907437561365e+01,9.114781417334656410e+00,7.257701681169375973e+00
1.737800828749376336e+01,9.581922714297490984e+00,7.616518903865700629e+00
1.819700858609984451e+01,1.007588215057958791e+01,7.992428282583458277e+00
1.905460717963248385e+01,1.056170157031998436e+01,8.375574629910014224e+00
1.995262314968880801e+01,1.104863228891180604e+01,8.768969937526600589e+00
2.089296130854038580e+01,1.155421865418421667e+01,9.176847680245204586e+00
2.187761623949552003e+01,1.207382420452581684e+01,9.605374372479110079e+00
2.290867652767772356e+01,1.260869897287237684e+01,1.004687276392480122e+01
2.398832919019490006e+01,1.318399449558634728e+01,1.052330827118948697e+01
2.511886431509579509e+01,1.379208377374564698e+01,1.102620317993791232e+01
2.630267991895381385e+01,1.443400721000010023e+01,1.156245977851586559e+01
2.754228703338166184e+01,1.510841204920737368e+01,1.212498162426117965e+01
2.884031503126605855e+01,1.582749076014553324e+01,1.272497599447218697e+01
3.019951720402016093e+01,1.657739115441940925e+01,1.335321615779474236e+01
3.162277660168379256e+01,1.736487347270983150e+01,1.402298453131728273e+01
3.311311214825911264e+01,1.820836657618449550e+01,1.472983607760704139e+01
3.467368504525316553e+01,1.910534871135237012e+01,1.548874463736787632e+01
3.630780547701014171e+01,2.005152524363149169e+01,1.629050581241986606e+01
3.801893963205612437e+01,2.105557302604880832e+01,1.714812393078128494e+01
3.981071705534973404e+01,2.212072545108353339e+01,1.804727630471022337e+01
4.168693834703355350e+01,2.323222581566820821e+01,1.898924496620294988e+01
4.365158322401661195e+01,2.436809264000161690e+01,1.995810586620033789e+01
4.570881896148751622e+01,2.553054436932970006e+01,2.094485938223955657e+01
4.786300923226384896e+01,2.673432181837582533e+01,2.197476945491042244e+01
5.011872336272725192e+01,2.800857984536644452e+01,2.304893081720824100e+01
5.248074602497728591e+01,2.934587404968685931e+01,2.419180177382036945e+01
5.495408738576248453e+01,3.076695278193610150e+01,2.540671474169696253e+01
5.754399373371572324e+01,3.227305352296034613e+01,2.670088564807712928e+01
6.025595860743580801e+01,3.389068319135796514e+01,2.809008897188979503e+01
6.309573444801936404e+01,3.560211568035893492e+01,2.956948517082648564e+01
6.606934480075958049e+01,3.743090187666566493e+01,3.115016677174838122e+01
6.918309709189362877e+01,3.936717408573092314e+01,3.284057339274902176e+01
7.244359600749898220e+01,4.142379732743631848e+01,3.463288608022455861e+01
7.585775750291836061e+01,4.358338908231772280e+01,3.650899790613205909e+01
7.943282347242814012e+01,4.583877120992830356e+01,3.847790876739839661e+01
8.317637711026708303e+01,4.821796381537718901e+01,4.055335601759912834e+01
8.709635899560805683e+01,5.071334520687645409e+01,4.272544468909737958e+01
9.120108393559097237e+01,5.333229519822857867e+01,4.501607581667540359e+01
9.549925860214358408e+01,5.606795529982733228e+01,4.742625293406280917e+01
1.000000000000000000e+02,5.899078561094213313e+01,4.997314664101254778e+01
1.047128548050899610e+02,6.211350013470975995e+01,5.267317780864080135e+01
1.096478196143185073e+02,6.545107380517522699e+01,5.553041711157965210e+01
1.148153621496882835e+02,6.905992201388119156e+01,5.863923878234519549e+01
1.202264434617413116e+02,7.289795957855719166e+01,6.197022592216250558e+01
1.258925411794167530e+02,7.700246953342727352e+01,6.551741662337282435e+01
1.318256738556407299e+02,8.137518377551990056e+01,6.927074595556486258e+01
1.380384264602885196e+02,8.601058221131815174e+01,7.325094899512623670e+01
1.445439770745927888e+02,9.091151981499790224e+01,7.750211313048831130e+01
1.513561248436208757e+02,9.613878387307936180e+01,8.206224249730061615e+01
1.584893192461114211e+02,1.017026202894232227e+02,8.692675664845120309e+01
1.659586907437561365e+02,1.076365507126085816e+02,9.215932195347086520e+01
1.737800828749376194e+02,1.139654391174735366e+02,9.778953595900550511e+01
1.819700858609984380e+02,1.207337424450233101e+02,1.038606760945631322e+02
1.905460717963248385e+02,1.279795524693700770e+02,1.104009104694744678e+02
1.995262314968880730e+02,1.357679066218507842e+02,1.173482832066730737e+02
2.089296130854040712e+02,1.441289629118080882e+02,1.248867072195760386e+02
2.187761623949551790e+02,1.529890561368580393e+02,1.330721939590196996e+02
2.290867652767772427e+02,1.620631878740559273e+02,1.416471682662099738e+02
2.398832919019489793e+02,1.714031141571913679e+02,1.506959505169533031e+02
2.511886431509579722e+02,1.811038349706152246e+02,1.601352189771043300e+02
2.630267991895381670e+02,1.911947016028549342e+02,1.698066267547277448e+02
2.754228703338166042e+02,2.017703186650030034e+02,1.797146765672005131e+02
2.884031503126605571e+02,2.128630163280784018e+02,1.896091143211612291e+02
3.019951720402016235e+02,2.244180956442459092e+02,1.992971763865440948e+02
3.162277660168379612e+02,2.361962943258153587e+02,2.090710390802366874e+02
3.311311214825910838e+02,2.482583919385434967e+02,2.191051735506397904e+02
3.467368504525316553e+02,2.608948836997425929e+02,2.294929022865887589e+02
3.630780547701014029e+02,2.741840622299451411e+02,2.402806885591808737e+02
3.801893963205612863e+02,2.881076498045207472e+02,2.515593074762383310e+02
3.981071705534973262e+02,3.027008550831549769e+02,2.633741109387901247e+02
4.168693834703354923e+02,3.179496823498262188e+02,2.757454710421147297e+02
2.173132002353668213e+02,2.173132002353668213e+02,2.173132002353668213e+02
