1.202264434617413169e+00,5.537236090706522118e-01,4.509511931090164349e-01
1.258925411794167504e+00,5.786914334710362429e-01,4.692025343836399576e-01
1.318256738556407459e+00,6.056920498561424449e-01,4.818584147192939704e-01
1.380384264602885214e+00,6.486793147114446878e-01,5.039703896377629722e-01
1.445439770745927222e+00,6.727774025382241563e-01,5.381432498842894097e-01
1.513561248436207984e+00,7.233352619173086806e-01,5.801917930760447373e-01
1.584893192461113376e+00,7.567530979015212322e-01,6.051258777780865739e-01
1.659586907437560432e+00,8.224559258756204416e-01,6.466113934043485889e-01
1.737800828749375359e+00,8.591881146778027611e-01,6.727143923188230179e-01
1.819700858609983429e+00,8.945743897938444045e-01,7.084042921616385824e-01
1.905460717963247230e+00,9.235559335209404530e-01,7.349333354959143305e-01
1.995262314968879735e+00,9.803465538622293529e-01,7.720493888982671304e-01
2.089296130854039646e+00,1.004959838231181735e+00,7.946133409276562309e-01
2.187761623949552980e+00,1.049780672527412362e+00,8.351617663814452364e-01
2.290867652767773599e+00,1.083368956487000156e+00,8.751189729624505587e-01
2.398832919019491250e+00,1.142816172319931489e+00,9.210238245410531377e-01
2.511886431509581019e+00,1.200634092621664539e+00,9.737614366909823627e-01
2.630267991895381297e+00,1.264015582711169428e+00,1.028795763841368283e+00
2.754228703338166273e+00,1.328468458437964683e+00,1.086986349482774061e+00
2.884031503126605500e+00,1.387605413397219101e+00,1.141536842185953748e+00
3.019951720402016093e+00,1.452398586230839728e+00,1.195170435801875319e+00
3.162277660168379523e+00,1.520083583615274181e+00,1.252039127039219713e+00
3.311311214825911176e+00,1.590329472823427404e+00,1.311548948794501346e+00
3.467368504525316641e+00,1.660459793919126792e+00,1.369117192041066966e+00
3.630780547701013994e+00,1.734716289697505687e+00,1.438052727925708929e+00
3.801893963205612792e+00,1.813922342176792935e+00,1.505841622038251337e+00
3.981071705534973137e+00,1.900181186208383055e+00,1.574366336702875069e+00
4.168693834703354639e+00,1.993186626551596952e+00,1.657990317641731215e+00
4.365158322401661017e+00,2.092773531454402036e+00,1.743056244009199673e+00
4.570881896148751622e+00,2.195871002153886753e+00,1.828951204288498111e+00
4.786300923226383119e+00,2.301171599305610105e+00,1.920330848336240681e+00
5.011872336272721995e+00,2.403403104909639154e+00,2.011960466759566302e+00
5.248074602497725394e+00,2.518114572925718608e+00,2.105583556800548095e+00
5.495408738576245788e+00,2.649755819095360287e+00,2.201658311773645682e+00
5.754399373371569482e+00,2.760734467842953954e+00,2.295416965981867730e+00
6.025595860743577781e+00,2.881070647584409894e+00,2.404106645608060422e+00
6.309573444801933384e+00,3.010063799488309932e+00,2.522239539274794939e+00
6.606934480075961069e+00,3.149496162826617596e+00,2.630560426247752659e+00
6.918309709189365719e+00,3.326791328260075176e+00,2.747513304070420492e+00
7.244359600749902484e+00,3.511650165192158557e+00,2.869109977127396238e+00
7.585775750291840147e+00,3.680493767887933032e+00,3.000369323744597860e+00
7.943282347242817565e+00,3.861312871389210422e+00,3.125420698858259794e+00
8.317637711026709013e+00,4.052910308955173235e+00,3.278209805353586415e+00
8.709635899560804972e+00,4.260190061227279834e+00,3.424088148858638103e+00
9.120108393559096527e+00,4.470018672303440965e+00,3.583399675605452916e+00
9.549925860214358408e+00,4.686999393875330711e+00,3.746894078984020382e+00
1.000000000000000000e+01,4.940021178920099842e+00,3.931392636434544841e+00
1.047128548050899610e+01,5.197992863371336369e+00,4.112770542740131319e+00
1.096478196143185180e+01,5.466423726468582878e+00,4.309121004321765369e+00
1.148153621496882870e+01,5.767287751902573589e+00,4.515232062718245842e+00
1.202264434617413080e+01,6.059969078224836991e+00,4.738437811973531311e+00
1.258925411794167459e+01,6.392646287810211270e+00,4.980119142984062108e+00
1.318256738556407370e+01,6.750052324366722090e+00,5.229788511134331408e+00
1.380384264602885303e+01,7.108465385172375584e+00,5.488836733823005964e+00
1.445439770745928065e+01,7.475585695521500540e+00,5.755661347101820091e+00
1.513561248436208651e+01,7.882297946576752423e+00,6.054516176254888471e+00
1.584893192461114175e+01,8.290496067932256352e+00,6.358208685385834613e+00
1.659586907437561365e+01,8.721317589517246560e+00,6.680306188372890475e+00
1.737800828749376336e+01,9.181401396678351645e+00,7.019968957679819432e+00
1.819700858609984451e+01,9.671616129156626940e+00,7.382137153011973929e+00
1.905460717963248385e+01,1.016731207715083940e+01,7.755183114330191252e+00
1.995262314968880801e+01,1.068586133344726363e+01,8.154161618447341553e+00
2.089296130854038580e+01,1.126923830448497021e+01,8.584576680664909532e+00
2.187761623949552003e+01,1.183532703995911994e+01,9.025949944562622562e+00
2.290867652767772356e+01,1.245969168316207742e+01,9.500263962992265832e+00
2.398832919019490006e+01,1.311578170797112186e+01,9.985453652124107293e+00
2.511886431509579509e+01,1.381395433153189600e+01,1.051689819492075273e+01
2.630267991895381385e+01,1.453242737582527866e+01,1.107553569142847927e+01
2.754228703338166184e+01,1.531595889426989743e+01,1.166982177547922994e+01
2.884031503126605855e+01,1.613530210264413256e+01,1.229260815069873480e+01
3.019951720402016093e+01,1.699342120535078848e+01,1.296484755901835584e+01
3.162277660168379256e+01,1.787469765658885734e+01,1.367126129495497011e+01
3.311311214825911264e+01,1.879106523403568119e+01,1.440655300806856864e+01
3.467368504525316553e+01,1.975785092229719453e+01,1.516628017826912433e+01
3.630780547701014171e+01,2.077008707920765573e+01,1.597343823894412651e+01
3.801893963205612437e+01,2.185582221414220783e+01,1.683272026848561254e+01
3.981071705534973404e+01,2.298969014445581394e+01,1.774386775063372923e+01
4.168693834703355350e+01,2.419465619707099791e+01,1.870724403782077516e+01
4.365158322401661195e+01,2.547288738610224712e+01,1.973945169300929692e+01
4.570881896148751622e+01,2.684873526056333048e+01,2.083817535261425746e+01
4.786300923226384896e+01,2.830042654091436916e+01,2.201870674858162147e+01
5.011872336272725192e+01,2.984273715368940216e+01,2.326083880577092700e+01
5.248074602497728591e+01,3.148098388254489066e+01,2.458540081462669846e+01
5.495408738576248453e+01,3.316339012083133753e+01,2.596083640343775301e+01
5.754399373371572324e+01,3.493260610808018640e+01,2.741006806002634022e+01
6.025595860743580801e+01,3.679919227700065676e+01,2.892258925016151849e+01
6.309573444801936404e+01,3.876679984519601874e+01,3.053855540134227198e+01
6.606934480075958049e+01,4.083078501199196353e+01,3.224731616978964865e+01
6.918309709189362877e+01,4.299922002026777079e+01,3.402310289472892890e+01
7.244359600749898220e+01,4.525885448011248968e+01,3.589156056351409774e+01
7.585775750291836061e+01,4.765868225354603283e+01,3.786118690243201002e+01
7.943282347242814012e+01,5.016333436560112347e+01,3.995298461339794471e+01
8.317637711026708303e+01,5.285785681090703747e+01,4.221302036356136966e+01
8.709635899560805683e+01,5.572471282311853003e+01,4.459575330209471389e+01
9.120108393559097237e+01,5.877073056607793688e+01,4.714299345549648734e+01
9.549925860214358408e+01,6.198785804940876432e+01,4.985585520506751323e+01
1.000000000000000000e+02,6.539383001028581077e+01,5.276898545309045829e+01
1.047128548050899610e+02,6.897329237970487270e+01,5.584356457243624305e+01
1.096478196143185073e+02,7.278449128257551592e+01,5.912941611530506236e+01
1.148153621496882835e+02,7.683822939101472116e+01,6.258031605723164148e+01
1.202264434617413116e+02,8.119005230408819784e+01,6.622393247942781613e+01
1.258925411794167530e+02,8.580570812533936476e+01,7.012399803871760184e+01
1.318256738556407299e+02,9.079351445644100238e+01,7.434463387349767061e+01
1.380384264602885196e+02,9.606523608233059974e+01,7.880418818522842628e+01
1.445439770745927888e+02,1.015554148620157520e+02,8.354007903704170701e+01
1.513561248436208757e+02,1.072650988416608584e+02,8.848208418412197318e+01
1.584893192461114211e+02,1.132222956221029051e+02,9.360148841327560376e+01
1.659586907437561365e+02,1.194436007548777354e+02,9.887144148493575813e+01
1.737800828749376194e+02,1.258963775321143572e+02,1.043081836060263328e+02
1.819700858609984380e+02,1.326673847413687497e+02,1.100580337590447044e+02
1.905460717963248385e+02,1.399288627586799976e+02,1.162964770880307270e+02
1.995262314968880730e+02,1.478886089968231090e+02,1.231728395057569543e+02
2.089296130854040712e+02,1.565260589153597834e+02,1.306575160262865438e+02
2.187761623949551790e+02,1.657782628593325569e+02,1.388398507877986106e+02
2.290867652767772427e+02,1.754057412952911648e+02,1.476229759878316656e+02
2.398832919019489793e+02,1.849644223623143091e+02,1.565600625551498410e+02
2.511886431509579722e+02,1.942851980567495787e+02,1.653457886438163769e+02
2.630267991895381670e+02,2.036352024551511306e+02,1.740074895088269500e+02
2.754228703338166042e+02,2.132382826169252610e+02,1.827631855732493591e+02
2.884031503126605571e+02,2.232351981858785734e+02,1.916390338324841593e+02
3.019951720402016235e+02,2.336633476285051927e+02,2.007279253527620995e+02
3.162277660168379612e+02,2.445963253227119765e+02,2.101748299321364470e+02
3.311311214825910838e+02,2.560960944695198123e+02,2.200623169943264088e+02
3.467368504525316553e+02,2.681653786857724526e+02,2.304342364787006261e+02
3.630780547701014029e+02,2.808036027287182606e+02,2.412943726829638535e+02
3.801893963205612863e+02,2.940374661290063614e+02,2.526662416903115798e+02
3.981071705534973262e+02,3.078950246718453059e+02,2.645740370682811431e+02
4.168693834703354923e+02,3.224056701094860955e+02,2.770430276095194131e+02
2.177925109863281250e+02,2.177925109863281250e+02,2.177925109863281250e+02
