2.187761623949552869e-01,2.026690238430787216e-01,1.184842203907843367e-01
2.290867652767772933e-01,2.172223287237543543e-01,1.336335176607139907e-01
2.398832919019490417e-01,2.210106874586885428e-01,1.513547496036432849e-01
2.511886431509580131e-01,2.258991556714893822e-01,1.653915538885583070e-01
2.630267991895381408e-01,2.272133083711948831e-01,1.874013978213078524e-01
2.754228703338166273e-01,2.321707495170038382e-01,1.962926625026683025e-01
2.884031503126605611e-01,2.393823177142659075e-01,2.087171446445212075e-01
3.019951720402015982e-01,2.427371570862676131e-01,2.180201905094653336e-01
3.162277660168379412e-01,2.467808752473809875e-01,2.249396080440371204e-01
3.311311214825911065e-01,2.517652890188658010e-01,2.350765586735162060e-01
3.467368504525316641e-01,2.622802232008819012e-01,2.491154702546025668e-01
3.630780547701014105e-01,2.766257249245753780e-01,2.657029710829355018e-01
3.801893963205611460e-01,2.828811900464844320e-01,2.775338881935816571e-01
3.981071705534972027e-01,2.959840369783151015e-01,2.906861984070565064e-01
4.168693834703354195e-01,3.097625026106943791e-01,3.033253915660922284e-01
4.365158322401659907e-01,3.239159527470351629e-01,3.143740118863357913e-01
4.570881896148750734e-01,3.409306475965082073e-01,3.253253611175931925e-01
4.786300923226384230e-01,3.627665523577707218e-01,3.434941253326503907e-01
5.011872336272723549e-01,3.804653953510651609e-01,3.567058940528738953e-01
5.248074602497725394e-01,4.022253833110143728e-01,3.766251528636739843e-01
5.495408738576245122e-01,4.214600937523192981e-01,3.933753827143697257e-01
5.754399373371569260e-01,4.457906976336993843e-01,4.116811389421624057e-01
6.025595860743577781e-01,4.690375178230987152e-01,4.310903968115808449e-01
6.309573444801933606e-01,4.948543019701361900e-01,4.536353963683770751e-01
6.606934480075961069e-01,5.177378905546240473e-01,4.754456771207409282e-01
6.918309709189364165e-01,5.437051996672940257e-01,5.003875815613825218e-01
7.244359600749900041e-01,5.682091280338741335e-01,5.220749400641356841e-01
7.585775750291837705e-01,5.953833753816887286e-01,5.461175092559584776e-01
7.943282347242814900e-01,6.235161338014244548e-01,5.732090284377115985e-01
8.317637711026710789e-01,6.529982134337368738e-01,6.017712051584160893e-01
8.709635899560808081e-01,6.850235691441002306e-01,6.308330725059635435e-01
9.120108393559096527e-01,7.194561065113703746e-01,6.596536874452405552e-01
9.549925860214358853e-01,7.545390091660570953e-01,6.914126002508104163e-01
1.000000000000000000e+00,7.932457124642913193e-01,7.269826670631991394e-01
1.047128548050899610e+00,8.343971583772923362e-01,7.620476567102009158e-01
1.096478196143185091e+00,8.762832476025267381e-01,8.024639083782885152e-01
1.148153621496882826e+00,9.200540341404468414e-01,8.414704611508426746e-01
1.202264434617413169e+00,9.673311769364227874e-01,8.831778548452369204e-01
1.258925411794167504e+00,1.014517690697476882e+00,9.243638440268215906e-01
1.318256738556407459e+00,1.072722515781375341e+00,9.725389413916284420e-01
1.380384264602885214e+00,1.128411381579683681e+00,1.017720329573077009e+00
1.445439770745927222e+00,1.185361729647005369e+00,1.067868707265957839e+00
1.513561248436207984e+00,1.249956214672045540e+00,1.118120021132501085e+00
1.584893192461113376e+00,1.319003565231214870e+00,1.176441356043664621e+00
1.659586907437560432e+00,1.391377024417046249e+00,1.231467911991038777e+00
1.737800828749375359e+00,1.469068264546321112e+00,1.290477022853262712e+00
1.819700858609983429e+00,1.546674899231610611e+00,1.349403903013676631e+00
1.905460717963247230e+00,1.634689399911142038e+00,1.415902316910914616e+00
1.995262314968879735e+00,1.722451334428308112e+00,1.481422153835382005e+00
2.089296130854039646e+00,1.817901971172253939e+00,1.549576482527975196e+00
2.187761623949552980e+00,1.916000259851503573e+00,1.619284916541135821e+00
2.290867652767773599e+00,2.019538350404193050e+00,1.692911955326953599e+00
2.398832919019491250e+00,2.130888569405515298e+00,1.769300355090368537e+00
2.511886431509581019e+00,2.238966963699851931e+00,1.846337515245022320e+00
2.630267991895381297e+00,2.355101632904268438e+00,1.927862752865828533e+00
2.754228703338166273e+00,2.482716914687908005e+00,2.012192130101249976e+00
2.884031503126605500e+00,2.613256171980547382e+00,2.098731418368793289e+00
3.019951720402016093e+00,2.748670827358739022e+00,2.186106670699823784e+00
3.162277660168379523e+00,2.890318211280652250e+00,2.278105116164660604e+00
3.311311214825911176e+00,3.042439618538087753e+00,2.374921356393199456e+00
3.467368504525316641e+00,3.197534510453080792e+00,2.473342951945012302e+00
3.630780547701013994e+00,3.361479841435647042e+00,2.574486692907457019e+00
3.801893963205612792e+00,3.531319334534073651e+00,2.679858965605863563e+00
3.981071705534973137e+00,3.711825003508718357e+00,2.787622502449357054e+00
4.168693834703354639e+00,3.903988126022350347e+00,2.902944831726902652e+00
4.365158322401661017e+00,4.105710675987407576e+00,3.019703072281061829e+00
4.570881896148751622e+00,4.315458825965087897e+00,3.143879382659129806e+00
4.786300923226383119e+00,4.540115987795648067e+00,3.272334579863274584e+00
5.011872336272721995e+00,4.768697875510465423e+00,3.404029406186039886e+00
5.248074602497725394e+00,5.014814303876390156e+00,3.544046232343716074e+00
5.495408738576245788e+00,5.270311458631517176e+00,3.691739976286617431e+00
5.754399373371569482e+00,5.535711627990100858e+00,3.843509929684346904e+00
6.025595860743577781e+00,5.807857626950932328e+00,4.003367869464699247e+00
6.309573444801933384e+00,6.092320922663225780e+00,4.166350928065896575e+00
6.606934480075961069e+00,6.395085304890029576e+00,4.339261432685868058e+00
6.918309709189365719e+00,6.703121240905797862e+00,4.520283400143454422e+00
7.244359600749902484e+00,7.023244213792816382e+00,4.707389883762107097e+00
7.585775750291840147e+00,7.361325161812062312e+00,4.906755013751067374e+00
7.943282347242817565e+00,7.714093344923914408e+00,5.113427245565760337e+00
8.317637711026709013e+00,8.091240256542302944e+00,5.335745907187530612e+00
8.709635899560804972e+00,8.480745284798759442e+00,5.564387758073078061e+00
9.120108393559096527e+00,8.890776610769774990e+00,5.806070954405357476e+00
9.549925860214358408e+00,9.323281866803688089e+00,6.059972871855875631e+00
1.000000000000000000e+01,9.770909744915615036e+00,6.329103832394553208e+00
1.047128548050899610e+01,1.023996003612256089e+01,6.609418258811398772e+00
1.096478196143185180e+01,1.073212589440950460e+01,6.906851877768525050e+00
1.148153621496882870e+01,1.124285852613472336e+01,7.214971056123619775e+00
1.202264434617413080e+01,1.178212152063826323e+01,7.542180407187280444e+00
1.258925411794167459e+01,1.234174087947718412e+01,7.877453520978312085e+00
1.318256738556407370e+01,1.292731931664948952e+01,8.227604391045117538e+00
1.380384264602885303e+01,1.353010262815200804e+01,8.592979251947888031e+00
1.445439770745928065e+01,1.416371992635218469e+01,8.973173353456568080e+00
1.513561248436208651e+01,1.482935349125430058e+01,9.371835624288141986e+00
1.584893192461114175e+01,1.553234793786015366e+01,9.794207376606456350e+00
1.659586907437561365e+01,1.627383226478444200e+01,1.023871346119685555e+01
1.737800828749376336e+01,1.704751047489020976e+01,1.070331245937158826e+01
1.819700858609984451e+01,1.785229355574937671e+01,1.119232937612860113e+01
1.905460717963248385e+01,1.869334816313614667e+01,1.170887280973125399e+01
1.995262314968880801e+01,1.957403593802650121e+01,1.225271471158559855e+01
2.089296130854038580e+01,2.049395266723345443e+01,1.282166775109734225e+01
2.187761623949552003e+01,2.146165000556243996e+01,1.341786672908641975e+01
2.290867652767772356e+01,2.246972102869206722e+01,1.404909320523716154e+01
2.398832919019490006e+01,2.352155524392968999e+01,1.471416163772217800e+01
2.511886431509579509e+01,2.462205467934445124e+01,1.542033823450758945e+01
2.630267991895381385e+01,2.576685936071315908e+01,1.616868130132367654e+01
2.754228703338166184e+01,2.696233023285052965e+01,1.695973536493979594e+01
2.884031503126605855e+01,2.821872035056671990e+01,1.779684361784991609e+01
3.019951720402016093e+01,2.953671645196143203e+01,1.868523585860031488e+01
3.162277660168379256e+01,3.091804792129588009e+01,1.963197617722648403e+01
3.311311214825911264e+01,3.237033120378640660e+01,2.063372381034244185e+01
3.467368504525316553e+01,3.388976309639375017e+01,2.168741153502388386e+01
3.630780547701014171e+01,3.548942457217844293e+01,2.280398136632415174e+01
3.801893963205612437e+01,3.715405695189366497e+01,2.397784734461626144e+01
3.981071705534973404e+01,3.886938373668745328e+01,2.519865065112188063e+01
4.168693834703355350e+01,4.066201593274386283e+01,2.647355830354571538e+01
4.365158322401661195e+01,4.250343094865098692e+01,2.779897945530590064e+01
4.570881896148751622e+01,4.439979887073606335e+01,2.916407128030573759e+01
4.786300923226384896e+01,4.633859576037844619e+01,3.059103004359840838e+01
5.011872336272725192e+01,4.834742631079200947e+01,3.208147724916432253e+01
5.248074602497728591e+01,5.044836809100506514e+01,3.365351532605774310e+01
5.495408738576248453e+01,5.263223999666221431e+01,3.530520215971002784e+01
5.754399373371572324e+01,5.492085400154075359e+01,3.704241704675575875e+01
6.025595860743580801e+01,5.734040400399340598e+01,3.888790125211381365e+01
6.309573444801936404e+01,5.991705975026572162e+01,4.088178503387121054e+01
6.606934480075958049e+01,6.263249408051753164e+01,4.298834323864181783e+01
6.918309709189362877e+01,6.547393171346244856e+01,4.519269723213099610e+01
7.244359600749898220e+01,6.845679331260548395e+01,4.752021068388730640e+01
7.585775750291836061e+01,7.160098673296555205e+01,4.999330382130362693e+01
7.943282347242814012e+01,7.491836140591209414e+01,5.261063789281059400e+01
8.317637711026708303e+01,7.840016038807628718e+01,5.539334510062104755e+01
8.709635899560805683e+01,8.198573095762998264e+01,5.832733624451582699e+01
9.120108393559097237e+01,8.567931841967153161e+01,6.139107085304326716e+01
9.549925860214358408e+01,8.948094269702470172e+01,6.457454228001678587e+01
1.000000000000000000e+02,9.340582497272171736e+01,6.789882665484080349e+01
1.047128548050899610e+02,9.747734957034917613e+01,7.136835918970791681e+01
1.096478196143185073e+02,1.017536670680052140e+02,7.499130409680060438e+01
1.148153621496882835e+02,1.062475115891472939e+02,7.880310190628163980e+01
1.202264434617413116e+02,1.109725448039757509e+02,8.284334295196767073e+01
1.258925411794167530e+02,1.159619079652040199e+02,8.715590633380266183e+01
1.318256738556407299e+02,1.212505835250636892e+02,9.179304692448373260e+01
1.380384264602885196e+02,1.268394604245950745e+02,9.673938162730789259e+01
1.445439770745927888e+02,1.328409872406821535e+02,1.019046363973650244e+02
1.513561248436208757e+02,1.392680719995904326e+02,1.072608520544012407e+02
1.584893192461114211e+02,1.460158363866131310e+02,1.128173899830108269e+02
1.659586907437561365e+02,1.530545709306518631e+02,1.186209001357847939e+02
1.737800828749376194e+02,1.604361644678432413e+02,1.248522776393826064e+02
1.819700858609984380e+02,1.681275051802173266e+02,1.315944151247800562e+02
1.905460717963248385e+02,1.763332356835403516e+02,1.389218393673438072e+02
1.995262314968880730e+02,1.850358855500331856e+02,1.467538590094303004e+02
2.089296130854040712e+02,1.938808227837512277e+02,1.546565465716804511e+02
2.187761623949551790e+02,2.028781421327660439e+02,1.625827600845657628e+02
2.290867652767772427e+02,2.122933936833412361e+02,1.705308850627916115e+02
2.398832919019489793e+02,2.222383865344850733e+02,1.787379289469946286e+02
2.511886431509579722e+02,2.327690260234453490e+02,1.873512231762101123e+02
2.630267991895381670e+02,2.438117497341886803e+02,1.963913294884947618e+02
2.754228703338166042e+02,2.553520872922360354e+02,2.058060682822242597e+02
2.884031503126605571e+02,2.673959200621786749e+02,2.155769382079468528e+02
3.019951720402016235e+02,2.799785111912748334e+02,2.257490369963830403e+02
3.162277660168379612e+02,2.931470492921110917e+02,2.363907166972680614e+02
3.311311214825910838e+02,3.069542180442958852e+02,2.475298476999647619e+02
3.467368504525316553e+02,3.214201299555163587e+02,2.591954708722383316e+02
3.630780547701014029e+02,3.365681206563373848e+02,2.714109598944290269e+02
3.801893963205612863e+02,3.524300738799701662e+02,2.842021612540874003e+02
3.981071705534973262e+02,3.690395890224953632e+02,2.975961958862079086e+02
4.168693834703354923e+02,3.864318885574440401e+02,3.116214723925251064e+02
2.133578807115554810e+02,2.133578807115554810e+02,2.133578807115554810e+02
