1.000000000000000000e+00,5.602486306833364127e-01,5.055839217471975733e-01
1.047128548050899610e+00,5.761993761010367754e-01,5.196879393827982252e-01
1.096478196143185091e+00,5.890640610033114344e-01,5.375072326845857784e-01
1.148153621496882826e+00,6.097933303592719678e-01,5.609086070137272451e-01
1.202264434617413169e+00,6.354679787356906084e-01,5.906288214532581238e-01
1.258925411794167504e+00,6.544254376666968076e-01,6.128458550723357989e-01
1.318256738556407459e+00,6.773601858774781492e-01,6.356232368892209550e-01
1.380384264602885214e+00,7.059960085659938711e-01,6.613231132508127219e-01
1.445439770745927222e+00,7.363210243428506274e-01,6.977055889633299035e-01
1.513561248436207984e+00,7.707172895158042047e-01,7.413270708719148505e-01
1.584893192461113376e+00,8.095278051259359176e-01,7.774093879624466297e-01
1.659586907437560432e+00,8.524198626177597049e-01,8.234776465892347241e-01
1.737800828749375359e+00,8.852044722780870734e-01,8.558133002948730139e-01
1.819700858609983429e+00,9.217213298283927214e-01,8.995551099080758561e-01
1.905460717963247230e+00,9.655312770233673847e-01,9.479798655672178054e-01
1.995262314968879735e+00,1.001134607988658720e+00,9.870407106084976290e-01
2.089296130854039646e+00,1.047728254790474045e+00,1.036225949351115894e+00
2.187761623949552980e+00,1.098459272987923674e+00,1.090035057004342889e+00
2.290867652767773599e+00,1.151009618241575660e+00,1.137280765096672308e+00
2.398832919019491250e+00,1.200274269865090115e+00,1.186691689140565886e+00
2.511886431509581019e+00,1.256108722283906465e+00,1.240648597446073698e+00
2.630267991895381297e+00,1.300489177267788232e+00,1.291627711332018480e+00
2.754228703338166273e+00,1.353511270728532390e+00,1.349709543238107878e+00
2.884031503126605500e+00,1.428483502908028502e+00,1.413783883099695382e+00
3.019951720402016093e+00,1.500893458675129910e+00,1.485475203770912467e+00
3.162277660168379523e+00,1.583020267155387240e+00,1.565635164230131604e+00
3.311311214825911176e+00,1.658799033263961720e+00,1.637992939336939457e+00
3.467368504525316641e+00,1.729485022500558689e+00,1.706413470436666913e+00
3.630780547701013994e+00,1.819464828682747504e+00,1.796474213304846579e+00
3.801893963205612792e+00,1.913149561378260088e+00,1.883906392098044780e+00
3.981071705534973137e+00,2.016844318582403872e+00,1.983174612116963775e+00
4.168693834703354639e+00,2.125819275072876824e+00,2.086611041508406927e+00
4.365158322401661017e+00,2.241014983457632948e+00,2.181145593922646952e+00
4.570881896148751622e+00,2.346761617033859437e+00,2.302300634932957113e+00
4.786300923226383119e+00,2.466998033196173168e+00,2.409487877231395014e+00
5.011872336272721995e+00,2.601740743978393500e+00,2.535346042819782042e+00
5.248074602497725394e+00,2.741266894982860691e+00,2.676192857210856868e+00
5.495408738576245788e+00,2.883451115029339817e+00,2.816433315868226206e+00
5.754399373371569482e+00,3.043566021327916093e+00,2.972186803952852951e+00
6.025595860743577781e+00,3.197909253702836629e+00,3.114826011661197658e+00
6.309573444801933384e+00,3.366036804489348722e+00,3.273934198829155928e+00
6.606934480075961069e+00,3.541317409205969824e+00,3.425166438266349811e+00
6.918309709189365719e+00,3.715787030616530373e+00,3.592431565024845952e+00
7.244359600749902484e+00,3.900925455120530128e+00,3.772111249114179721e+00
7.585775750291840147e+00,4.108017798773944129e+00,3.960716009149364059e+00
7.943282347242817565e+00,4.309745276153686966e+00,4.166607006849288197e+00
8.317637711026709013e+00,4.543749510522236967e+00,4.372717033805660236e+00
8.709635899560804972e+00,4.776507063931862973e+00,4.585219183275122568e+00
9.120108393559096527e+00,5.011392317858228473e+00,4.803102334457230782e+00
9.549925860214358408e+00,5.271823726378998209e+00,5.045036255771615963e+00
1.000000000000000000e+01,5.532452488742460872e+00,5.288064569231755385e+00
1.047128548050899610e+01,5.807720232678454053e+00,5.553328791223829164e+00
1.096478196143185180e+01,6.097294310042623344e+00,5.821716018713085639e+00
1.148153621496882870e+01,6.400294293821853664e+00,6.107837141342225884e+00
1.202264434617413080e+01,6.730509439712939468e+00,6.415075567164982395e+00
1.258925411794167459e+01,7.078475580771352860e+00,6.717062933887387288e+00
1.318256738556407370e+01,7.447283344635557079e+00,7.056133460559102843e+00
1.380384264602885303e+01,7.840538948581579959e+00,7.412508156165799278e+00
1.445439770745928065e+01,8.242245483406987816e+00,7.768605361417537658e+00
1.513561248436208651e+01,8.666206518943294412e+00,8.139216505203743068e+00
1.584893192461114175e+01,9.139434640302349422e+00,8.538636741759868087e+00
1.659586907437561365e+01,9.623082730403840657e+00,8.947988324742372157e+00
1.737800828749376336e+01,1.013430606761401442e+01,9.378603255640260983e+00
1.819700858609984451e+01,1.068710742732125318e+01,9.847750370680124377e+00
1.905460717963248385e+01,1.126716492211451026e+01,1.030527974630911636e+01
1.995262314968880801e+01,1.186031607693952949e+01,1.079877199478618799e+01
2.089296130854038580e+01,1.250439092440752020e+01,1.130400108992025920e+01
2.187761623949552003e+01,1.320697761301370576e+01,1.186017935490266062e+01
2.290867652767772356e+01,1.392785045022488788e+01,1.242327190608749632e+01
2.398832919019490006e+01,1.468428398340051899e+01,1.300166016652278422e+01
2.511886431509579509e+01,1.546041463007494876e+01,1.359488227071140898e+01
2.630267991895381385e+01,1.627040957373407082e+01,1.422365480877240884e+01
2.754228703338166184e+01,1.709043312021660910e+01,1.484795453369465967e+01
2.884031503126605855e+01,1.799303715459469899e+01,1.552637755596547642e+01
3.019951720402016093e+01,1.895620133419082620e+01,1.624102914755621185e+01
3.162277660168379256e+01,2.002647247192027535e+01,1.700538527010996148e+01
3.311311214825911264e+01,2.116429141004690351e+01,1.780738804812709475e+01
3.467368504525316553e+01,2.233811115484156318e+01,1.863805209673744656e+01
3.630780547701014171e+01,2.360992675341780256e+01,1.949557319419098178e+01
3.801893963205612437e+01,2.495277778035634597e+01,2.039297267702388083e+01
3.981071705534973404e+01,2.640549493535156955e+01,2.135345906460161203e+01
4.168693834703355350e+01,2.795208699255381646e+01,2.235886379823292458e+01
4.365158322401661195e+01,2.958441796127626233e+01,2.341674649585096546e+01
4.570881896148751622e+01,3.133616505734319091e+01,2.454601549934466931e+01
4.786300923226384896e+01,3.320512683108895402e+01,2.573321506341970988e+01
5.011872336272725192e+01,3.514321179535998851e+01,2.700212402342008389e+01
5.248074602497728591e+01,3.719023505709855471e+01,2.833310889858030990e+01
5.495408738576248453e+01,3.932251253568326632e+01,2.973791801213913999e+01
5.754399373371572324e+01,4.158259393019540795e+01,3.124067287482269961e+01
6.025595860743580801e+01,4.392817479447724338e+01,3.280785067203895977e+01
6.309573444801936404e+01,4.638491002730169299e+01,3.445763867883789544e+01
6.606934480075958049e+01,4.892005760250597746e+01,3.618793828114611699e+01
6.918309709189362877e+01,5.165595962963943322e+01,3.804129753823238502e+01
7.244359600749898220e+01,5.458643334193626373e+01,4.001238986217876459e+01
7.585775750291836061e+01,5.769755366599019197e+01,4.215215937562383175e+01
7.943282347242814012e+01,6.103663547531434119e+01,4.445947127577423430e+01
8.317637711026708303e+01,6.457638417952033194e+01,4.695203520084754700e+01
8.709635899560805683e+01,6.825020879035355392e+01,4.959694852585961655e+01
9.120108393559097237e+01,7.204931240329298703e+01,5.239568499702188831e+01
9.549925860214358408e+01,7.595700574874192057e+01,5.532907684407788906e+01
1.000000000000000000e+02,8.004707851131271923e+01,5.835391869640764639e+01
1.047128548050899610e+02,8.441242235879320788e+01,6.152838192668477291e+01
1.096478196143185073e+02,8.901653250275504092e+01,6.485074469503729233e+01
1.148153621496882835e+02,9.386375328256792727e+01,6.835131838407031069e+01
1.202264434617413116e+02,9.895405117994052091e+01,7.203639512499175623e+01
1.258925411794167530e+02,1.042601844239138700e+02,7.590260081582442808e+01
1.318256738556407299e+02,1.097994700132657613e+02,8.000486431253226272e+01
1.380384264602885196e+02,1.154911395023970329e+02,8.428754288049547938e+01
1.445439770745927888e+02,1.213509020314793503e+02,8.866781674573091721e+01
1.513561248436208757e+02,1.274312445409417478e+02,9.313556571658691041e+01
1.584893192461114211e+02,1.339006633096547603e+02,9.778357138739600884e+01
1.659586907437561365e+02,1.406513925762414772e+02,1.025902706842774847e+02
1.737800828749376194e+02,1.476515482665416243e+02,1.075781264660621446e+02
1.819700858609984380e+02,1.549796917064613240e+02,1.128165525283148867e+02
1.905460717963248385e+02,1.626302180085693863e+02,1.183401762835921716e+02
1.995262314968880730e+02,1.706857010082838428e+02,1.241107655171368123e+02
2.089296130854040712e+02,1.790637518114778004e+02,1.301559096880825734e+02
2.187761623949551790e+02,1.877478570672254534e+02,1.364538139899883618e+02
2.290867652767772427e+02,1.967037066676623169e+02,1.430144062393059983e+02
2.398832919019489793e+02,2.060013545190430762e+02,1.498798029877154647e+02
2.511886431509579722e+02,2.156737606185076572e+02,1.571098985966270902e+02
2.630267991895381670e+02,2.258063452673115989e+02,1.647295710677842067e+02
2.754228703338166042e+02,2.363927418869962764e+02,1.727189428848029706e+02
2.884031503126605571e+02,2.474708859125873062e+02,1.810145254679003699e+02
3.019951720402016235e+02,2.591097459527525189e+02,1.896249486918495393e+02
3.162277660168379612e+02,2.713130618177118549e+02,1.985946120456646042e+02
3.311311214825910838e+02,2.840998355678189000e+02,2.079633557746313102e+02
3.467368504525316553e+02,2.974890054416353564e+02,2.177646748502512537e+02
3.630780547701014029e+02,3.115092183959564522e+02,2.280276616684429314e+02
3.801893963205612863e+02,3.261901926180247528e+02,2.387742837346796136e+02
3.981071705534973262e+02,3.415630621034531487e+02,2.500273707051688348e+02
4.168693834703354923e+02,3.576604331370074874e+02,2.618107979542464818e+02
2.126223444938659668e+02,2.126223444938659668e+02,2.126223444938659668e+02
