1.445439770745927222e+00,6.354682876411477110e-01,5.667779091868375696e-01
1.513561248436207984e+00,6.611000378582742032e-01,5.913811829131033759e-01
1.584893192461113376e+00,7.029078615094949134e-01,6.149824537717213380e-01
1.659586907437560432e+00,7.611399224931307828e-01,6.488040077750063528e-01
1.737800828749375359e+00,7.826097560899802907e-01,6.745376945239732747e-01
1.819700858609983429e+00,8.005540638014762012e-01,7.010268381721078690e-01
1.905460717963247230e+00,8.608735823072456439e-01,7.375709180229570450e-01
1.995262314968879735e+00,9.080774133335346443e-01,7.736666978729842548e-01
2.089296130854039646e+00,9.578383848582481264e-01,8.047699781713820721e-01
2.187761623949552980e+00,9.941159545676444553e-01,8.405627422833233942e-01
2.290867652767773599e+00,1.059243281852294771e+00,8.959602749450575887e-01
2.398832919019491250e+00,1.103061965679577261e+00,9.289900578999296110e-01
2.511886431509581019e+00,1.154534527980539238e+00,9.646222667240310633e-01
2.630267991895381297e+00,1.203466643208677356e+00,1.005838066032063605e+00
2.754228703338166273e+00,1.271798085503713649e+00,1.052575933865078639e+00
2.884031503126605500e+00,1.332515245514748869e+00,1.097390388686780849e+00
3.019951720402016093e+00,1.399798811730912140e+00,1.156173409171999067e+00
3.162277660168379523e+00,1.474541182448829479e+00,1.211434670363777721e+00
3.311311214825911176e+00,1.552280421767948004e+00,1.264753516255382682e+00
3.467368504525316641e+00,1.639909109757085703e+00,1.335645635992341429e+00
3.630780547701013994e+00,1.715944884042612140e+00,1.405008840215183685e+00
3.801893963205612792e+00,1.801837790431620956e+00,1.471924262099011838e+00
3.981071705534973137e+00,1.874986648367334086e+00,1.533788016419766365e+00
4.168693834703354639e+00,1.960696662864432893e+00,1.605710380818056171e+00
4.365158322401661017e+00,2.066984165152685460e+00,1.695353946143860924e+00
4.570881896148751622e+00,2.175002811138498249e+00,1.794600193671991306e+00
4.786300923226383119e+00,2.300478924615595222e+00,1.887161434192401233e+00
5.011872336272721995e+00,2.421549035700592878e+00,1.988228165031412420e+00
5.248074602497725394e+00,2.539875788607482754e+00,2.084719438538925829e+00
5.495408738576245788e+00,2.656251470156173689e+00,2.180358197119211194e+00
5.754399373371569482e+00,2.806009594373652494e+00,2.274403825764418130e+00
6.025595860743577781e+00,2.935020469178529545e+00,2.381415934085510777e+00
6.309573444801933384e+00,3.083618086200116792e+00,2.494864304074761119e+00
6.606934480075961069e+00,3.248391819854390850e+00,2.637982035531075464e+00
6.918309709189365719e+00,3.435600536069052247e+00,2.789088754048406837e+00
7.244359600749902484e+00,3.625731824020689942e+00,2.917000890907316180e+00
7.585775750291840147e+00,3.820636510914326767e+00,3.073167573315708001e+00
7.943282347242817565e+00,4.005733676197045234e+00,3.230956865929756283e+00
8.317637711026709013e+00,4.231145664796525097e+00,3.400776896723205045e+00
8.709635899560804972e+00,4.453685275162793999e+00,3.577991208304263981e+00
9.120108393559096527e+00,4.693061162168688405e+00,3.765545813082610938e+00
9.549925860214358408e+00,4.936421107959345633e+00,3.955103203762855735e+00
1.000000000000000000e+01,5.204692298930004846e+00,4.169250546252381895e+00
1.047128548050899610e+01,5.489951721983830524e+00,4.402620601304085390e+00
1.096478196143185180e+01,5.787847943532539396e+00,4.657093309680883308e+00
1.148153621496882870e+01,6.085429326014999418e+00,4.893146108666359240e+00
1.202264434617413080e+01,6.408939772227880916e+00,5.153594032021490356e+00
1.258925411794167459e+01,6.772081832738463092e+00,5.446152495253216763e+00
1.318256738556407370e+01,7.124699798349557689e+00,5.733108138624084305e+00
1.380384264602885303e+01,7.518613834887720948e+00,6.050438939322160259e+00
1.445439770745928065e+01,7.928011417901188906e+00,6.357837827447278656e+00
1.513561248436208651e+01,8.343906279414792238e+00,6.668807349233370374e+00
1.584893192461114175e+01,8.750914506462606823e+00,6.980746106208055579e+00
1.659586907437561365e+01,9.213236618075280049e+00,7.328019768531119915e+00
1.737800828749376336e+01,9.700825895814768174e+00,7.694616095897072405e+00
1.819700858609984451e+01,1.018236850669834759e+01,8.054337232167286587e+00
1.905460717963248385e+01,1.066010330096918146e+01,8.423493714641072216e+00
1.995262314968880801e+01,1.113654562022762740e+01,8.815121731891096601e+00
2.089296130854038580e+01,1.163167355724596241e+01,9.217097092492466004e+00
2.187761623949552003e+01,1.214940639628585295e+01,9.638038050139188684e+00
2.290867652767772356e+01,1.268131943034092401e+01,1.005570304154999661e+01
2.398832919019490006e+01,1.327187463433665293e+01,1.053017571516993023e+01
2.511886431509579509e+01,1.386887157029806694e+01,1.102963079185754225e+01
2.630267991895381385e+01,1.452978629144550560e+01,1.155802900336546557e+01
2.754228703338166184e+01,1.519112077520160753e+01,1.211543542259600770e+01
2.884031503126605855e+01,1.589638990824906095e+01,1.269799604519156588e+01
3.019951720402016093e+01,1.662363259982130614e+01,1.333981620875897178e+01
3.162277660168379256e+01,1.743058164454162551e+01,1.402074716676480470e+01
3.311311214825911264e+01,1.827412229912756914e+01,1.473129214284664101e+01
3.467368504525316553e+01,1.916659837101255448e+01,1.547615488166376885e+01
3.630780547701014171e+01,2.011585082145753844e+01,1.628555888595226264e+01
3.801893963205612437e+01,2.112958159998234464e+01,1.715730595049044283e+01
3.981071705534973404e+01,2.219785591447679352e+01,1.805346077099602908e+01
4.168693834703355350e+01,2.330607379723131700e+01,1.899525475604393776e+01
4.365158322401661195e+01,2.443993165658040567e+01,1.996890978746831991e+01
4.570881896148751622e+01,2.560319179840318071e+01,2.095308259039557086e+01
4.786300923226384896e+01,2.680856227658457414e+01,2.198172087800950081e+01
5.011872336272725192e+01,2.807274390447951617e+01,2.305550962519819791e+01
5.248074602497728591e+01,2.942509999962919309e+01,2.420861117481397429e+01
5.495408738576248453e+01,3.082897157499996865e+01,2.541954875992315976e+01
5.754399373371572324e+01,3.233941420851062531e+01,2.671479463452499559e+01
6.025595860743580801e+01,3.395912064684805642e+01,2.809810203345296387e+01
6.309573444801936404e+01,3.568460157439307778e+01,2.956921354284571990e+01
6.606934480075958049e+01,3.752204426499316270e+01,3.115721931161414204e+01
6.918309709189362877e+01,3.944316732385050273e+01,3.282534208145676047e+01
7.244359600749898220e+01,4.149813178275274339e+01,3.462572737270348000e+01
7.585775750291836061e+01,4.367001250256458178e+01,3.650832544266613411e+01
7.943282347242814012e+01,4.594602720645654870e+01,3.848640755913399403e+01
8.317637711026708303e+01,4.831573423617221152e+01,4.056237886492892386e+01
8.709635899560805683e+01,5.083593653847253080e+01,4.274545151441481039e+01
9.120108393559097237e+01,5.344447569558917621e+01,4.502904257754511974e+01
9.549925860214358408e+01,5.616673134708118198e+01,4.742978858761803451e+01
1.000000000000000000e+02,5.907495371828219533e+01,4.995877448569515167e+01
1.047128548050899610e+02,6.218243583083118864e+01,5.265083894968922351e+01
1.096478196143185073e+02,6.554295095212160049e+01,5.552367076767615117e+01
1.148153621496882835e+02,6.915011518827445514e+01,5.862451185540655274e+01
1.202264434617413116e+02,7.298877593616217041e+01,6.196389127111130080e+01
1.258925411794167530e+02,7.710320395291189755e+01,6.552651330349733882e+01
1.318256738556407299e+02,8.146328107110430494e+01,6.929953455109570370e+01
1.380384264602885196e+02,8.607883358004498575e+01,7.327393841071182123e+01
1.445439770745927888e+02,9.098548639900087665e+01,7.753452926072206708e+01
1.513561248436208757e+02,9.622831996275148470e+01,8.209242861999042873e+01
1.584893192461114211e+02,1.018335194397149195e+02,8.696724986903284105e+01
1.659586907437561365e+02,1.077806483684825736e+02,9.216786735460028979e+01
1.737800828749376194e+02,1.141149103655728965e+02,9.778393022195956519e+01
1.819700858609984380e+02,1.209032756309094054e+02,1.038549293376304092e+02
1.905460717963248385e+02,1.281355638729654913e+02,1.104130216052184181e+02
1.995262314968880730e+02,1.359003996718532221e+02,1.173505093033768816e+02
2.089296130854040712e+02,1.442522548238370916e+02,1.248631193108872566e+02
2.187761623949551790e+02,1.530821281551741890e+02,1.330520357561675553e+02
2.290867652767772427e+02,1.621799219470387072e+02,1.416377829757428799e+02
2.398832919019489793e+02,1.715297397200160674e+02,1.506624912332118242e+02
2.511886431509579722e+02,1.812401143455359431e+02,1.600914402569751473e+02
2.630267991895381670e+02,1.913148275490898413e+02,1.697505214313329702e+02
2.754228703338166042e+02,2.018788832847017716e+02,1.796330473074183374e+02
2.884031503126605571e+02,2.129524743961926561e+02,1.895142665698774351e+02
3.019951720402016235e+02,2.245060909108063925e+02,1.992150455511583687e+02
3.162277660168379612e+02,2.362727867232385961e+02,2.089970924084017270e+02
3.311311214825910838e+02,2.483363451342349038e+02,2.190344128076094421e+02
3.467368504525316553e+02,2.609726541891717488e+02,2.294252406414144048e+02
3.630780547701014029e+02,2.742608927782387696e+02,2.402093359385201268e+02
3.801893963205612863e+02,2.881728523717836765e+02,2.514896850786598179e+02
3.981071705534973262e+02,3.027685583048843796e+02,2.633041720044964791e+02
4.168693834703354923e+02,3.180282289355384364e+02,2.756756277128072838e+02
2.173132002353668213e+02,2.173132002353668213e+02,2.173132002353668213e+02
