1.659586907437560432e+00,6.448733749286718053e-01,5.752558276531649639e-01
1.737800828749375359e+00,6.794158664299148054e-01,6.046174182046999412e-01
1.819700858609983429e+00,7.569511402884304685e-01,6.450003292203135841e-01
1.905460717963247230e+00,8.079976480322491605e-01,6.870209567338231293e-01
1.995262314968879735e+00,8.794814962110181211e-01,7.396194633336835578e-01
2.089296130854039646e+00,9.343860494376408088e-01,7.917971264616648908e-01
2.187761623949552980e+00,9.728907252095229108e-01,8.320806317511658667e-01
2.290867652767773599e+00,1.046178532500346092e+00,8.840818043951249594e-01
2.398832919019491250e+00,1.098172406678603163e+00,9.176059198273197604e-01
2.511886431509581019e+00,1.174627451810447587e+00,9.598372185284209657e-01
2.630267991895381297e+00,1.232886978388682220e+00,1.012832885354128409e+00
2.754228703338166273e+00,1.305529568419858233e+00,1.068835104194042485e+00
2.884031503126605500e+00,1.360993586333760108e+00,1.114368657189013900e+00
3.019951720402016093e+00,1.417711270719566929e+00,1.170138158574165699e+00
3.162277660168379523e+00,1.499055304448042136e+00,1.237912206371843293e+00
3.311311214825911176e+00,1.560950514270285749e+00,1.301840309088608816e+00
3.467368504525316641e+00,1.643556707181296872e+00,1.377326889479733696e+00
3.630780547701013994e+00,1.743200077878799270e+00,1.443046496655572053e+00
3.801893963205612792e+00,1.820456989763473032e+00,1.512553213032393984e+00
3.981071705534973137e+00,1.917647613942073725e+00,1.576484535087965044e+00
4.168693834703354639e+00,2.011641408861168490e+00,1.653469397764072868e+00
4.365158322401661017e+00,2.099833896728152016e+00,1.713599354320169743e+00
4.570881896148751622e+00,2.212053851897833656e+00,1.818130146679193482e+00
4.786300923226383119e+00,2.334592482562560356e+00,1.904202970333330303e+00
5.011872336272721995e+00,2.440792072732789642e+00,2.000734155702501571e+00
5.248074602497725394e+00,2.561175738884851505e+00,2.085748235168176645e+00
5.495408738576245788e+00,2.675915119619057592e+00,2.170042406141399205e+00
5.754399373371569482e+00,2.811353871280572569e+00,2.261032113510696551e+00
6.025595860743577781e+00,2.947369125340576712e+00,2.368634335641290001e+00
6.309573444801933384e+00,3.100465368737383542e+00,2.484576746715820850e+00
6.606934480075961069e+00,3.247110427555053302e+00,2.607720353345706066e+00
6.918309709189365719e+00,3.425637880086007669e+00,2.734941533607931685e+00
7.244359600749902484e+00,3.591783004869338658e+00,2.866079021268435056e+00
7.585775750291840147e+00,3.779894666133784220e+00,3.004680186933668118e+00
7.943282347242817565e+00,3.987326049984130982e+00,3.179972646519319657e+00
8.317637711026709013e+00,4.194197873843600100e+00,3.349307874259466189e+00
8.709635899560804972e+00,4.415493341156699003e+00,3.509824491038605387e+00
9.120108393559096527e+00,4.647875164306136675e+00,3.705473002982949904e+00
9.549925860214358408e+00,4.884679632749672429e+00,3.908936652815259816e+00
1.000000000000000000e+01,5.142972562681683790e+00,4.117631600477144715e+00
1.047128548050899610e+01,5.409460658264700683e+00,4.344899393905685692e+00
1.096478196143185180e+01,5.693747764577636872e+00,4.592208609269194497e+00
1.148153621496882870e+01,6.000916400066006240e+00,4.844139763055500758e+00
1.202264434617413080e+01,6.322963868157228440e+00,5.121445893391383564e+00
1.258925411794167459e+01,6.680813147108421113e+00,5.402817833183958030e+00
1.318256738556407370e+01,7.042347526984022110e+00,5.686173776529363622e+00
1.380384264602885303e+01,7.419691526115902214e+00,5.979323108503287187e+00
1.445439770745928065e+01,7.809836194542232768e+00,6.298280865917706528e+00
1.513561248436208651e+01,8.216962619271907187e+00,6.620204414300857820e+00
1.584893192461114175e+01,8.633178993034203330e+00,6.933370247981777368e+00
1.659586907437561365e+01,9.080103585637758101e+00,7.270275415071335345e+00
1.737800828749376336e+01,9.557399424666538579e+00,7.623290035506634865e+00
1.819700858609984451e+01,1.004878464862015619e+01,7.997306321737736035e+00
1.905460717963248385e+01,1.054358955396422637e+01,8.397510653027202565e+00
1.995262314968880801e+01,1.102296145631412649e+01,8.774636382016360869e+00
2.089296130854038580e+01,1.153015494154782772e+01,9.179469965075181648e+00
2.187761623949552003e+01,1.206705675568925429e+01,9.611133375114716770e+00
2.290867652767772356e+01,1.259976684902308008e+01,1.005706518756121071e+01
2.398832919019490006e+01,1.318486858885552770e+01,1.053611724436390773e+01
2.511886431509579509e+01,1.377169200551687211e+01,1.102730079239707983e+01
2.630267991895381385e+01,1.443864556850221703e+01,1.156119278171628295e+01
2.754228703338166184e+01,1.510069707048489462e+01,1.211272895188194987e+01
2.884031503126605855e+01,1.580831292583032877e+01,1.271025206539398944e+01
3.019951720402016093e+01,1.654339717991022596e+01,1.333522881752674394e+01
3.162277660168379256e+01,1.733570092383684980e+01,1.399542665638937144e+01
3.311311214825911264e+01,1.817305275071241510e+01,1.470108484266054560e+01
3.467368504525316553e+01,1.908176656833336793e+01,1.547390642690039719e+01
3.630780547701014171e+01,2.003194678912140603e+01,1.629220182241910564e+01
3.801893963205612437e+01,2.103409301013235222e+01,1.714205183951156286e+01
3.981071705534973404e+01,2.209924267057593283e+01,1.805244856726741887e+01
4.168693834703355350e+01,2.321450225533886425e+01,1.899097974138512512e+01
4.365158322401661195e+01,2.434411009884061627e+01,1.994310997869211022e+01
4.570881896148751622e+01,2.550748504600001709e+01,2.092086787389847302e+01
4.786300923226384896e+01,2.674075362346486529e+01,2.195315663188706523e+01
5.011872336272725192e+01,2.803390803353596539e+01,2.302630278230525818e+01
5.248074602497728591e+01,2.934591555075956393e+01,2.415757464012370548e+01
5.495408738576248453e+01,3.077332025809362648e+01,2.537623463695168979e+01
5.754399373371572324e+01,3.229663337295659886e+01,2.666887468864264576e+01
6.025595860743580801e+01,3.392361182387514873e+01,2.807851725368152174e+01
6.309573444801936404e+01,3.562490158146175645e+01,2.954505376121058546e+01
6.606934480075958049e+01,3.745401027314530040e+01,3.113004383257469243e+01
6.918309709189362877e+01,3.937488432147378603e+01,3.282525916105672081e+01
7.244359600749898220e+01,4.144005824020401718e+01,3.459708303978391797e+01
7.585775750291836061e+01,4.359623797191596850e+01,3.647018234057968300e+01
7.943282347242814012e+01,4.586495479032948452e+01,3.844575201679460008e+01
8.317637711026708303e+01,4.825748691836741244e+01,4.052102502468746792e+01
8.709635899560805683e+01,5.077340086186458734e+01,4.269248775898074655e+01
9.120108393559097237e+01,5.340279965732269574e+01,4.501410140651491787e+01
9.549925860214358408e+01,5.616598281211562949e+01,4.742837724206332695e+01
1.000000000000000000e+02,5.909484574557007619e+01,4.997820133190909786e+01
1.047128548050899610e+02,6.222461770212076715e+01,5.266886533109680357e+01
1.096478196143185073e+02,6.555663330184788151e+01,5.553166565667621768e+01
1.148153621496882835e+02,6.917746747266762952e+01,5.864173094354378435e+01
1.202264434617413116e+02,7.300319085194293223e+01,6.197301858378236972e+01
1.258925411794167530e+02,7.711756099248286489e+01,6.552227156780347173e+01
1.318256738556407299e+02,8.151223568404503794e+01,6.928990437833984117e+01
1.380384264602885196e+02,8.615343439941445070e+01,7.326899542885279004e+01
1.445439770745927888e+02,9.105001537005935575e+01,7.750764862530301968e+01
1.513561248436208757e+02,9.626587853342724088e+01,8.205991796619886713e+01
1.584893192461114211e+02,1.018275973249698723e+02,8.691734495845774688e+01
1.659586907437561365e+02,1.077515417780004157e+02,9.213303321550176861e+01
1.737800828749376194e+02,1.140552665804061263e+02,9.774598460580713777e+01
1.819700858609984380e+02,1.208035434481843993e+02,1.037956862999563157e+02
1.905460717963248385e+02,1.280397263931583609e+02,1.103277066693064370e+02
1.995262314968880730e+02,1.358131341216557644e+02,1.172706073771218200e+02
2.089296130854040712e+02,1.442240262310340029e+02,1.248141296214903520e+02
2.187761623949551790e+02,1.530741851600574535e+02,1.330050552063567295e+02
2.290867652767772427e+02,1.621565359647058244e+02,1.415573547763869158e+02
2.398832919019489793e+02,1.714902851096738630e+02,1.505710274100757431e+02
2.511886431509579722e+02,1.811939132816511631e+02,1.600205141964420363e+02
2.630267991895381670e+02,1.912605077810900411e+02,1.696950026862142806e+02
2.754228703338166042e+02,2.018247652349038503e+02,1.796118099190388477e+02
2.884031503126605571e+02,2.129201629571974763e+02,1.895141141028107370e+02
3.019951720402016235e+02,2.244461284928324289e+02,1.992105623847170648e+02
3.162277660168379612e+02,2.362219375656956402e+02,2.089923624887648259e+02
3.311311214825910838e+02,2.482988654004078626e+02,2.190300658231580826e+02
3.467368504525316553e+02,2.609514805336854124e+02,2.294132388974919365e+02
3.630780547701014029e+02,2.742439391834839171e+02,2.401992123187910977e+02
3.801893963205612863e+02,2.881808261816477739e+02,2.514729921933269168e+02
3.981071705534973262e+02,3.027941870186176629e+02,2.632850710040386844e+02
4.168693834703354923e+02,3.180560328160164545e+02,2.756521826394322261e+02
2.173132002353668213e+02,2.173132002353668213e+02,2.173132002353668213e+02
